76
3
1
1
2
2
1
2
1
1
2
2
2
3
2
1
1
2
4
2
1
3
1
1
3
1
4
1
2
2
1
1
9
5
1
1
5
2
3
7
2
3
4
2
7
4
2
2
49
2
2
1
13
4
1
1
8
3
3
1
2
7
3
8
1
1
2
5
43
1
1
71
18
4
2
2
1
1
2
1
1
7
3
3
2
10
9
1
6
15
1
5
3
118
17
2
9
6
3
4
3
4
9
2
5
1
4
3
1
2
10
96
2
2
4
6
3
6
1
2
2
1
3
1
1
1
3
2
1
1
2
3
2
41
1
4
2
2
5
48
3
2
1
25
3
2
5
20
2
2
10
2
1
15
10
4
2
1
1
1
2
5
4
1
2
5
28
21
3
4
2
5
6
2
1
14
8
2
1
5
4
6
4
1
8
3
1
1
58
2
6
2
2
3
2
5
1
19
2
26
1
2
5
3
12
14
1
2
4
4
6
5
1
4
3
2
4
1
5
3
3
11
4
2
1
10
1
99
2
1
3
1
5
5
1
4
3
2
3
1
13
2
3
5
11
2
10
11
1
16
4
3
1
5
1
2
17
2
3
3
1
4
12
2
3
2
4
2
1
7
5
5
3
8
10
1
5
4
4
5
2
6
7
3
2
4
2
3
21
5
5
2
2
6
1
4
4
7
1
3
18
2
4
1
3
4
11
1
12
1
1
2
7
2
2
1
7
2
1
14
2
3
2
2
3
4
9
6
2
2
1
2
2
2
1
4
1
1
1
21
1
18
3
6
1
6
6
2
1
4
1
2
2
1
5
2
3
2
2
3
3
3
1
1
1
3
3
4
1
6
5
1
2
3
2
9
1
4
5
4
75
1
2
5
2
17
3
8
2
2
3
3
1
2
4
1
1
4
8
5
3
1
1
3
2
3
5
4
4
3
2
2
4
2
3
13
1
2
2
2
3
4
2
2
1
3
4
2
1
2
3
5
2
1
6
1
1
1
6
1
1
1
1
5
2
4
1
2
3
2
1
2
2
5
6
2
1
1
1
2
1
1
1
4
1
3
4
5
2
2
4
2
3
1
1
2
5
4
2
2
4
1
2
2
5
1
1
2
1
4
5
2
2
2
2
6
2
1
2
1
3
1
2
1
2
2
2
2
1
2
1
5
5
2
2
4
4
1
2
2
4
2
